1.000000000000000000e+00 7.499999999999999722e-02 7.499999999999999722e-02 1.125000000000000028e-01 5.625000000000000139e-02 2.250000000000000056e-01 0.000000000000000000e+00
7.499999999999999722e-02 1.000000000000000000e+00 2.000000000000000111e-01 1.499999999999999944e-01 1.499999999999999944e-01 0.000000000000000000e+00 2.999999999999999889e-01
7.499999999999999722e-02 2.000000000000000111e-01 1.000000000000000000e+00 2.999999999999999889e-01 1.499999999999999944e-01 2.999999999999999889e-01 2.999999999999999889e-01
1.125000000000000028e-01 1.499999999999999944e-01 2.999999999999999889e-01 1.000000000000000000e+00 1.125000000000000028e-01 4.500000000000000111e-01 4.500000000000000111e-01
5.625000000000000139e-02 1.499999999999999944e-01 1.499999999999999944e-01 1.125000000000000028e-01 1.000000000000000000e+00 0.000000000000000000e+00 2.250000000000000056e-01
2.250000000000000056e-01 0.000000000000000000e+00 2.999999999999999889e-01 4.500000000000000111e-01 0.000000000000000000e+00 1.000000000000000000e+00 0.000000000000000000e+00
0.000000000000000000e+00 2.999999999999999889e-01 2.999999999999999889e-01 4.500000000000000111e-01 2.250000000000000056e-01 0.000000000000000000e+00 1.000000000000000000e+00
